# EXERCICIO 1
33 65 64 13 59 98 75 2 19 74 64 38 6 99 57 61 83 86 96 35 70 33 29 55 34 64 96 57 22 46 51 9 58 15 77 76 4 58 7 6 6 8 55 25 38 59 21 45 77 30 90 45 34 41 92 76 73 87 80 73 55 57 77 3 54 51 77 47 23 20 74 50 58 4 22 89 26 78 76 97 40 82 87 44 5 22 57 43 20 79 21 41 70 49 49 67 23 10 2 22

# EXERCICIO 2
46 25 48 43 15 9 6 28 2 22 1 8 44 8 40 39 24 27 32 34 25 48 6 46 3 0 49 42 22 6 11 26 42 5 31 3 6 44 44 10 7 21 9 33 12 6 24 37 49 11 10 13 23 20 9 49 35 21 1 38 22 21 43 7 41 22 33 39 1 13 47 36 50 4 4 4 4 1 48 46 5 13 45 22 27 19 8 38 17 40 27 32 23 0 44 16 1 45 47 28 34 34 11 8 15 18 36 45 4 28 12 34 13 22 47 12 41 2 38 25 13 27 35 33 22 29 22 17 6 32 43 34 43 4 34 16 30 16 10 41 42 28 36 38 4 18 46 4 50 17 31 31 34 18 19 1 19 14 20 45 47 36 38 6 3 42 43 20 13 50 8 3 25 33 44 4 33 17 40 37 1 47 8 7 30 38 1 24 41 47 4 27 39 40 36 50 12 38 45 43 45 31 15 22 42 34 15 18 36 6 16 38 50 6 36 45 31 14 41 19 8 35 7 37 44 27 47 48 39 27 18 41 29 11 40 45 5 41 38 39 16 2 38 41 42 17 11 34 30 33 29 11 27 24 0 49 44 37 5 49 40 27 47 12 21 41 36 10 8 30 28 22 21 34 2 8 7 37 43 8 17 18 1 14 15 24 3 10 12 5 47 41 5 10 22 20 27 34 50 49 44 32 35 47 14 49 23 0 33 25 41 9 32 36 49 9 30 27 37 30 20 37 9 10 12 40 30 32 36 17 6 31 42 31 41 11 14 9 25 1 36 4 4 17 21 37 45 49 20 24 29 1 37 35 18 34 24 41 50 9 27 26 3 50 22 40 9 48 19 48 27 49 27 31 44 2 49 50 12 7 26 11 18 13 22 38 11 48 33 21 46 2 22 11 5 25 32 27 20 35 28 43 3 47 33 35 36 30 15 33 34 17 41 35 27 0 2 4 34 27 15 16 41 13 19 45 50 33 37 43 13 31 32 25 8 16 31 13 1 29 4 23 48 44 49 3 48 20 44 19 40 24 0 47 30 41 33 35 32 16 50 7 26 2 49 32 6 46 28 5 7 7 49 12 49 37 16 48 47 20 31 46 7 11 9 39 0 6 34 13 12 47 0 40 44 41 12 16 25 30

# EXERCICIO 3
-5 -4 -3 -2 -1 0 1 2 3 4 5

# EXERCICIO 4
2 7 10 4

# EXERCICIO 5
1 7 3 9
10 2 47 40 93 8

# EXERCICIO 6
Goku 4 3 0
Gohan 5 4 7
Goten 3 5 5
Vegeta 5 6 3
Trunks 10 10 9

# EXERCICIO 7
2211
923
1555
